1 6.64399e+06
25 6.643362e+06
49 6.642076e+06
73 6.641734e+06
97 6.641004e+06
121 6.640032e+06
145 6.638137e+06
169 6.636565e+06
193 6.635060e+06
217 6.633742e+06
241 6.628560e+06
265 6.624613e+06
289 6.620529e+06
313 6.615313e+06
337 6.603967e+06
361 6.583269e+06
385 6.565188e+06
409 6.542390e+06
433 6.517714e+06
457 6.469768e+06
481 6.366909e+06
505 6.307573e+06
529 6.209598e+06
553 6.143858e+06
577 6.026837e+06
601 5.965184e+06
625 5.877253e+06
649 5.713297e+06
673 5.713297e+06
697 5.713297e+06
721 5.636592e+06
745 5.636592e+06
769 5.552268e+06
793 5.510091e+06
817 5.457501e+06
841 5.457501e+06
865 5.457501e+06
889 5.389580e+06
913 5.301221e+06
937 5.246628e+06
961 5.209356e+06
985 5.209356e+06
2401 2.977421e+06
4801 1.106890e+06
7201 4.230986e+05
9601 1.637571e+05
12001 6.366331e+04
14401 2.440189e+04
16801 8.638581e+03
19201 3.374363e+03
21601 1.304352e+03
24001 4.887266e+02
26401 2.017558e+02
28801 7.767283e+01
31201 3.017405e+01
33601 1.228156e+01
36001 4.698160e+00
38401 1.817428e+00
40801 6.809948e-01
43201 2.506761e-01
45601 9.098081e-02
48001 3.583004e-02
50401 1.505442e-02
52801 5.867827e-03
55201 2.275328e-03
57601 8.656069e-04
60001 2.975682e-04
62401 1.156923e-04
64801 4.409614e-05
67201 1.734526e-05
69601 6.709414e-06
72001 2.728492e-06
74401 1.027747e-06
76801 3.863352e-07
79201 1.507126e-07
81601 5.645950e-08
84001 2.209038e-08
86401 8.571533e-09
88801 3.409468e-09
91201 1.355147e-09
93601 5.352376e-10
96001 2.254978e-10
98401 8.577672e-11
100801 3.194600e-11
103201 1.335820e-11
105601 4.945377e-12
108001 2.273737e-12
110401 1.364242e-12
112801 9.663381e-13
115201 7.958079e-13
117601 6.821210e-13
120001 6.821210e-13
122401 6.252776e-13
124801 6.252776e-13
127201 6.252776e-13
129601 5.684342e-13
132001 5.684342e-13
134401 5.684342e-13
136801 5.684342e-13
139201 5.684342e-13
141601 5.684342e-13
144001 5.684342e-13
146401 5.684342e-13
148801 5.684342e-13
151201 5.684342e-13
153601 5.684342e-13
156001 5.684342e-13
158401 5.684342e-13
160801 5.684342e-13
163201 5.684342e-13
165601 5.684342e-13
168001 5.684342e-13
170401 5.684342e-13
172801 5.684342e-13
175201 5.684342e-13
177601 5.684342e-13
180001 5.684342e-13
182401 5.684342e-13
184801 5.684342e-13
187201 5.684342e-13
189601 5.684342e-13
192001 5.115908e-13
194401 5.115908e-13
196801 5.115908e-13
199201 5.115908e-13
201601 5.115908e-13
204001 5.115908e-13
206401 5.115908e-13
208801 5.115908e-13
211201 5.115908e-13
213601 5.115908e-13
216001 5.115908e-13
218401 5.115908e-13
220801 5.115908e-13
223201 5.115908e-13
225601 5.115908e-13
228001 5.115908e-13
230401 5.115908e-13
232801 5.115908e-13
235201 5.115908e-13
237601 5.115908e-13
240001 5.115908e-13
242401 5.115908e-13
244801 5.115908e-13
247201 5.115908e-13
249601 5.115908e-13
252001 5.115908e-13
254401 5.115908e-13
256801 5.115908e-13
259201 5.115908e-13
261601 5.115908e-13
264001 5.115908e-13
266401 5.115908e-13
268801 5.115908e-13
271201 5.115908e-13
273601 5.115908e-13
276001 5.115908e-13
278401 5.115908e-13
280801 5.115908e-13
283201 5.115908e-13
285601 5.115908e-13
288001 5.115908e-13
290401 5.115908e-13
292801 5.115908e-13
295201 5.115908e-13
297601 5.115908e-13
300001 5.115908e-13
302401 5.115908e-13
304801 5.115908e-13
307201 5.115908e-13
309601 5.115908e-13
312001 5.115908e-13
314401 5.115908e-13
316801 5.115908e-13
319201 5.115908e-13
321601 5.115908e-13
324001 5.115908e-13
326401 5.115908e-13
328801 5.115908e-13
331201 5.115908e-13
333601 5.115908e-13
336001 5.115908e-13
338401 5.115908e-13
340801 5.115908e-13
343201 5.115908e-13
345601 5.115908e-13
348001 5.115908e-13
350401 5.115908e-13
352801 5.115908e-13
355201 5.115908e-13
357601 5.115908e-13
360001 5.115908e-13
362401 5.115908e-13
364801 5.115908e-13
367201 5.115908e-13
369601 5.115908e-13
372001 5.115908e-13
374401 5.115908e-13
376801 5.115908e-13
379201 5.115908e-13
381601 5.115908e-13
384001 5.115908e-13
386401 5.115908e-13
388801 5.115908e-13
391201 5.115908e-13
393601 5.115908e-13
396001 5.115908e-13
398401 5.115908e-13
400801 5.115908e-13
403201 5.115908e-13
405601 5.115908e-13
408001 5.115908e-13
410401 5.115908e-13
412801 5.115908e-13
415201 5.115908e-13
417601 5.115908e-13
420001 5.115908e-13
422401 5.115908e-13
424801 5.115908e-13
427201 5.115908e-13
429601 5.115908e-13
432001 5.115908e-13
434401 5.115908e-13
436801 5.115908e-13
439201 5.115908e-13
441601 5.115908e-13
444001 5.115908e-13
446401 5.115908e-13
448801 5.115908e-13
451201 5.115908e-13
453601 5.115908e-13
456001 5.115908e-13
458401 5.115908e-13
460801 5.115908e-13
463201 5.115908e-13
465601 5.115908e-13
468001 5.115908e-13
470401 5.115908e-13
472801 5.115908e-13
475201 5.115908e-13
477601 5.115908e-13
480001 5.115908e-13
482401 5.115908e-13
484801 5.115908e-13
487201 5.115908e-13
489601 5.115908e-13
492001 5.115908e-13
494401 5.115908e-13
496801 5.115908e-13
499201 5.115908e-13
501601 5.115908e-13
504001 5.115908e-13
506401 5.115908e-13
508801 5.115908e-13
511201 5.115908e-13
513601 5.115908e-13
516001 5.115908e-13
518401 5.115908e-13
520801 5.115908e-13
523201 5.115908e-13
525601 5.115908e-13
528001 5.115908e-13
530401 5.115908e-13
532801 5.115908e-13
535201 5.115908e-13
537601 5.115908e-13
540001 5.115908e-13
542401 5.115908e-13
544801 5.115908e-13
547201 5.115908e-13
549601 5.115908e-13
552001 5.115908e-13
554401 5.115908e-13
556801 5.115908e-13
559201 5.115908e-13
561601 5.115908e-13
564001 5.115908e-13
566401 5.115908e-13
568801 5.115908e-13
571201 5.115908e-13
573601 5.115908e-13
576001 5.115908e-13
578401 5.115908e-13
580801 5.115908e-13
583201 5.115908e-13
585601 5.115908e-13
588001 5.115908e-13
590401 5.115908e-13
592801 5.115908e-13
595201 5.115908e-13
597601 5.115908e-13
600001 5.115908e-13
602401 5.115908e-13
604801 5.115908e-13
607201 5.115908e-13
609601 5.115908e-13
612001 5.115908e-13
614401 5.115908e-13
616801 5.115908e-13
619201 5.115908e-13
621601 5.115908e-13
624001 5.115908e-13
626401 5.115908e-13
628801 5.115908e-13
631201 5.115908e-13
633601 5.115908e-13
636001 5.115908e-13
638401 5.115908e-13
640801 5.115908e-13
643201 5.115908e-13
645601 5.115908e-13
648001 5.115908e-13
650401 5.115908e-13
652801 5.115908e-13
655201 5.115908e-13
657601 5.115908e-13
660001 5.115908e-13
662401 5.115908e-13
664801 5.115908e-13
667201 5.115908e-13
669601 5.115908e-13
672001 5.115908e-13
674401 5.115908e-13
676801 5.115908e-13
679201 5.115908e-13
681601 5.115908e-13
684001 5.115908e-13
686401 5.115908e-13
688801 5.115908e-13
691201 5.115908e-13
693601 5.115908e-13
696001 5.115908e-13
698401 5.115908e-13
700801 5.115908e-13
703201 5.115908e-13
705601 5.115908e-13
708001 5.115908e-13
710401 5.115908e-13
712801 5.115908e-13
715201 5.115908e-13
717601 5.115908e-13
720001 5.115908e-13
